Task : 1 : Started , 0 , 0 , 0 , 1 , 0
Task : 1 : Completed , 2.585203 , 2.585227 , 2.585203 , 1 , 1
