Task : 1 : Started , 4.362827 , 0 , 0 , 0
Searched for +Dog , 8.90199 , 4.555831 , 4.539165 , 0
Task : 1 : Completed , 9.014929 , 4.572743 , 0.1129385 , 0
Task : 2 : Started , 12.39081 , 0 , 0 , 1
